12
tourism=information
33
1884
3254
6804
11578
13083
14458
14747
17611
19548
22596
24210
24718
25753
27142
28800
28927
29073
30585
30628
33242
34054
38213
38635
40966
44208
44785
45458
45714
46008
46388
46587
47539
52005
tourism=hotel
31
811
868
5482
9306
10553
12080
12453
12753
14228
14809
15067
25301
25491
26131
26958
27963
29422
31461
32605
32923
35688
41351
41478
41801
43497
44947
46868
47097
47608
50403
51018
tourism=attraction
35
860
1752
3053
3955
4000
4545
5743
7479
7600
10111
11913
14493
18210
19149
20809
25962
26802
27964
30197
32698
34629
35619
35656
37292
40801
43271
44075
44272
44893
45561
48342
49591
49604
50167
53185
tourism=viewpoint
52
215
370
1324
3775
4899
7616
8084
9632
9901
10561
11017
11860
13862
14690
15889
15976
16167
16780
20039
20093
22085
22279
24467
26970
27128
27195
27391
27933
28552
28641
29128
30773
32606
33490
34370
34408
34910
35604
36447
36928
37057
38422
38845
39206
39372
39396
43505
44871
45580
46582
49910
52939
tourism=guest_house
41
1767
6134
7348
8339
9835
10185
11627
14155
14778
16077
16402
18136
18447
19361
20057
22324
22616
24332
25518
26121
27238
27410
27906
28395
28806
30643
30841
31330
35099
36274
37752
42469
43658
44012
45495
47831
48112
48774
50414
51186
51573
tourism=picnic_site
58
454
1804
4577
5046
5440
5745
6592
7591
8337
8999
9136
12590
15036
15557
16264
17012
17494
17951
19734
20389
20910
21546
22416
22747
24810
25566
28653
28947
32780
33101
33864
34573
34681
35186
35746
35980
36497
37627
37944
38295
38298
40449
40804
41617
41952
42703
43712
44276
44538
45151
46400
48326
49777
50817
51296
51689
51904
53011
tourism=artwork
44
354
784
1490
2621
8002
9324
9412
9532
10567
11470
11744
11890
13470
13537
14358
14662
19128
19763
20685
21311
22562
22956
23558
26425
31620
32905
33174
34600
35417
38488
40073
40085
40768
43623
43682
44673
46399
49687
50713
51499
52276
52361
53093
53197
tourism=camp_site
50
1639
3499
5369
7633
8815
9118
9630
10447
11243
12655
13216
14232
16024
16647
17228
18966
23684
23937
24725
24743
26728
26755
27211
27857
28208
28823
30225
31089
31488
33336
33503
33916
36073
36989
39164
39511
41448
41467
42600
44686
44752
49037
49134
49740
50519
50909
50926
51477
51598
52821
tourism=museum
44
299
575
1567
1926
3843
4520
4915
5179
7197
7932
8198
8204
8288
8397
11967
12942
13506
14722
15413
15672
17304
17950
18189
19839
22045
23507
24540
25028
25872
26197
26218
29251
29819
33850
35519
35899
36268
37616
38143
38337
39105
48905
51019
51995
tourism=theme_park
39
3419
3473
4394
4921
5073
5998
6257
6649
6713
6830
15866
16464
16796
17244
19448
19465
20449
23761
26300
28345
30059
34189
35131
35549
36016
38248
38506
39106
39302
40479
41208
46935
47151
47862
48839
51737
52423
52770
53539
tourism=aquarium
39
74
1555
2843
8801
9773
10203
10493
11002
12762
15968
16404
18158
19212
22844
25697
27401
29742
32413
32471
35432
37091
38586
38921
41123
41498
41749
42372
42602
45459
46787
48033
48091
48903
50219
51131
51632
51749
52460
53102
tourism=zoo
44
866
1984
3867
3879
4478
4620
5603
6220
7399
8800
10961
12417
12518
12611
12809
13620
14156
14422
15005
15937
18380
19097
20242
21172
25383
27248
27347
27432
27683
28815
31061
31139
33146
33316
34817
38778
39384
43840
45169
48406
48468
49614
52037
52115
