12
tourism=information
45
930
1022
1062
1760
1901
2011
2210
2303
2543
2759
3108
3608
4057
4529
4862
5027
5817
6285
6459
6591
7049
7689
7837
8012
8338
8350
9093
9127
9491
9620
10278
10468
10810
11098
12088
12526
12699
13191
14069
14890
15316
15659
16370
16425
17612
tourism=hotel
27
1186
2169
2522
3538
4098
5055
5863
7516
9729
10071
10100
11212
11623
11821
12149
12305
14021
15218
15285
15325
16100
16125
16156
16253
16368
17335
17758
tourism=attraction
32
450
1833
1994
2108
2116
2223
2554
4564
4836
5219
5226
5468
5481
6947
7428
10279
10839
10943
11124
11380
11505
11703
11871
12148
12273
13281
14222
14651
14882
15210
16503
17431
tourism=viewpoint
20
244
1599
2608
2754
5099
5529
6748
7134
7772
8094
9284
10675
11180
12494
13027
14827
15248
15857
16440
17249
tourism=guest_house
26
941
1114
1629
2578
2784
2840
3513
4167
5681
7475
7813
8079
9056
9255
10825
11381
11495
12237
12331
12443
13029
14841
15626
15855
17027
17298
tourism=picnic_site
31
2103
2927
3010
3731
4360
4751
5311
6328
7129
7933
9431
9890
10352
10851
10857
11252
12790
13111
13370
13938
14210
14399
14420
14498
14559
15410
15801
15833
15902
16667
17143
tourism=artwork
27
1594
2296
2576
2894
3348
3849
4962
5130
6726
6943
8448
8706
8876
8966
9201
9972
10363
10881
11340
11620
14030
14160
14784
15368
16538
16767
17459
tourism=camp_site
22
473
853
1061
2046
2194
3166
4087
6813
7531
8917
9029
9203
9684
10265
11887
12812
13896
14414
14556
14888
15800
17330
tourism=museum
26
1261
1753
2161
2345
2946
3002
3106
3461
3664
3825
3837
4949
5088
5199
5837
6054
6171
6530
7126
7204
10184
11632
12011
12715
13079
17371
tourism=theme_park
29
89
1405
1494
1600
1807
1849
2550
3851
3881
5916
7959
7988
8057
8974
9280
9855
10046
10239
11023
11058
11149
12919
13466
14164
16047
17076
17155
17208
17571
tourism=aquarium
35
1366
1916
2337
3064
3662
4303
4754
6356
7279
7946
7999
8698
8775
10021
10080
10274
10472
11054
11156
11182
11666
11723
12220
12465
12880
13194
13946
15039
15043
15748
16025
16709
16813
16862
17521
tourism=zoo
29
365
592
1947
3184
4719
4819
5052
5493
5635
5768
6548
6789
6861
7002
7155
7848
8817
10465
11063
12015
13267
13343
15000
15030
15252
15400
16095
17026
17547
