12
tourism=information
11
413
1334
1335
2652
2935
4688
4758
5066
6350
7228
7292
tourism=hotel
18
28
225
1604
2883
3155
3772
3972
4456
4833
5367
5987
7045
7088
7265
9230
9834
9843
10232
tourism=attraction
11
347
498
2615
3917
4658
4697
5031
5329
6190
7049
8521
tourism=viewpoint
19
214
569
1443
2060
3379
3817
4099
4104
4363
6677
7114
8199
8645
8666
9024
9357
9618
9943
10301
tourism=guest_house
16
109
765
2989
3255
3328
4503
4566
4663
4696
4932
5574
5744
5788
8552
9133
9270
tourism=picnic_site
22
452
1196
1288
1757
2485
2695
3650
3946
4106
4124
4342
5314
5924
6905
7008
7359
7587
8003
8456
9306
9870
9980
tourism=artwork
14
522
565
1922
2903
3018
3468
3925
5417
7293
7933
8192
8675
9716
10040
tourism=camp_site
20
23
999
3498
3556
4175
4341
4971
5039
5456
5676
6291
6450
6544
6894
7488
7883
7939
8163
8682
10091
tourism=museum
20
523
1740
2257
2982
4660
4704
5349
5768
5954
6453
7337
7812
7843
8743
8803
9010
9179
9586
9781
9987
tourism=theme_park
14
391
1864
2016
2502
3864
4559
4636
4746
4953
5198
5333
6548
7213
8843
tourism=aquarium
27
170
228
253
935
1341
1392
1396
1653
2788
2810
3525
3746
4239
4492
5233
5838
6222
7242
7314
7916
8411
8588
8650
9187
9280
9705
9756
tourism=zoo
11
143
1413
2453
2505
5435
5976
6193
6878
7873
9068
10125
