12
tourism=information
14
2447
3175
5990
7715
8775
9334
10281
11367
12442
13120
13758
14682
16667
17287
tourism=hotel
17
20
269
2423
2840
3795
5652
6996
10054
10132
10873
11097
11860
12959
14360
14616
15073
17284
tourism=attraction
21
595
1807
4475
5515
8835
9455
10186
10212
11369
12029
12516
12777
13158
14009
14409
15532
16270
16561
16576
17233
17528
tourism=viewpoint
13
897
1683
2422
3558
3663
4427
7701
12257
12398
12841
14225
14921
17596
tourism=guest_house
18
2169
2483
4825
5871
6722
6940
7105
9320
10989
11173
11176
11201
12136
13551
13795
14440
16173
16199
tourism=picnic_site
14
1057
2347
2622
3285
7399
9021
9076
9273
10088
11521
11713
13040
14211
17026
tourism=artwork
15
539
671
745
1447
2620
5790
9993
9998
10009
11283
11498
12967
14447
16340
17105
tourism=camp_site
15
68
736
1578
1627
2715
4191
4193
6753
6964
7497
7978
8400
12840
12941
16673
tourism=museum
20
333
452
555
1561
2050
2842
3035
5387
5465
7108
7273
9032
9485
9598
9995
11837
12865
14451
14810
15310
tourism=theme_park
20
368
2122
4355
4552
5106
6901
6973
7792
8115
8742
9004
9430
9897
12090
12444
12934
13013
15243
15646
16081
tourism=aquarium
15
1521
3371
3773
7010
7888
8010
13098
15143
15900
16095
16187
16300
16474
17363
17744
tourism=zoo
12
633
2700
4133
4740
5518
6868
8348
9832
11189
11652
11660
14628
