12
tourism=information
12
3524
6131
7070
7421
9315
10423
12487
12974
15141
15856
17607
17634
tourism=hotel
10
1837
4147
5436
5624
6728
9047
11169
12085
14852
17693
tourism=attraction
9
3684
7191
7857
8661
11624
12978
13166
14992
17082
tourism=viewpoint
16
2224
3617
4135
4156
5280
5682
8631
12074
13514
13541
13559
14168
14334
14798
15297
16935
tourism=guest_house
14
1315
1933
2536
2768
3449
3505
5110
7198
7494
9666
10345
11278
15028
16967
tourism=picnic_site
12
437
584
1266
2230
2343
4695
8303
8997
9120
13451
15087
17404
tourism=artwork
9
2974
6906
8314
8393
10873
10914
11363
11401
15274
tourism=camp_site
12
156
700
2155
2934
4743
5569
8103
9310
9694
13490
14065
16914
tourism=museum
9
2898
3039
3389
5853
8432
9691
9716
12691
14731
tourism=theme_park
7
1385
2941
3012
6648
7102
16972
17343
tourism=aquarium
19
2595
2691
3432
3709
4687
4757
5551
6599
8894
11369
11611
12123
13371
13538
15713
16115
16477
16875
17329
tourism=zoo
12
685
2031
2455
4675
5137
5619
5688
8981
12679
14109
16122
16823
