12
tourism = information
42
150
2436
4394
4611
5516
7035
7814
10114
10671
11548
11850
12078
12549
12626
12867
13951
15902
16157
17252
18029
18426
18428
22905
23435
25639
26615
26830
28798
30244
30899
33402
35094
36795
37742
39847
41001
44301
48428
49548
49573
51373
52141
tourism = hotel
48
1294
1403
1559
2384
4085
4821
5193
9052
10514
13219
14301
14468
14993
18078
18668
19802
20063
21018
21849
22342
22383
23573
24798
25254
29675
31356
31486
31494
35414
36568
38014
38376
40429
41266
45499
45886
46863
47468
48865
48949
50321
50676
50965
50997
51335
51875
52173
52613
tourism = attraction
44
917
1978
3315
3698
5395
6893
8065
8123
8462
8673
9168
10659
11117
13276
13487
13547
15244
16495
16557
17158
17257
19585
19680
19800
20498
22861
23095
24425
25167
28946
28970
28998
30088
33125
36280
37072
37143
39190
40017
45108
46620
46699
47639
52323
tourism = viewpoint
54
629
779
1229
1469
2965
4742
6546
6568
8353
8459
9612
11994
13052
13224
13551
13556
13657
16591
16749
17266
18113
19147
19393
19900
21934
23720
25312
25351
26649
29779
31324
31353
34062
36035
37741
38083
39733
39970
41035
42976
43185
43539
43798
44166
44289
44680
46601
49474
50873
51166
51236
51796
52543
53410
tourism = guest_house
43
623
2396
2477
4274
4305
9165
11582
12161
13684
15159
16717
17216
17731
19043
19829
20486
20546
20579
20691
20791
21510
22186
23225
23678
23820
25994
26185
27372
31280
34014
35396
36956
36997
42262
43227
44409
45996
46515
47286
48055
49206
50674
51566
tourism = picnic_site
36
4652
5151
5884
6818
7374
7399
7665
9799
9935
11490
12638
13115
15435
15893
20866
22231
27055
28294
28311
28856
31731
33112
33373
34234
35092
36058
38897
40395
40567
42408
44875
45005
45572
48300
49005
50975
tourism = artwork
41
970
1139
1859
1972
2930
4163
7127
9880
10116
10849
18047
19507
19919
21074
21094
22408
24513
24622
25501
26252
27161
29467
29617
31794
33370
34943
35542
36532
37363
37777
37950
38377
40165
42076
42116
45643
46929
47060
48627
49985
52599
tourism = camp_site
58
459
819
881
1733
3208
4276
4980
5266
5330
5545
6399
9462
10428
10441
11341
13002
13181
13567
14752
16325
16471
16727
16847
16908
17622
17716
19536
20528
22209
22908
23659
24760
26379
27281
27893
28097
28494
29117
32181
32599
33488
33836
33925
33983
35947
38365
38654
38823
39258
39528
43001
43807
44082
45220
46681
48169
48389
52643
tourism = museum
58
384
2063
2610
7186
9358
11333
11396
12156
12475
12543
13992
14125
16074
17194
19081
19090
19944
20743
22277
22866
23277
26918
26958
26963
27270
31067
31191
31218
31513
32038
32955
33023
34297
35258
36032
36904
36926
37397
38158
38405
38717
38728
38787
39385
39585
40377
40496
41036
42917
43061
45399
46853
49043
49967
49975
50456
51393
52042
tourism = theme_park
63
123
1642
2069
2581
2621
7222
7416
8026
8839
9479
9979
10297
10915
11971
12032
13435
14304
14966
15696
18300
18979
19946
20492
20507
21837
22580
22959
24023
24381
25536
25951
25955
26658
28346
30195
30904
32554
33533
35694
36379
36672
36833
38764
41023
41409
44015
44059
46202
47330
47351
47630
47824
48505
48989
49621
49953
50329
50887
50895
51572
51720
52188
52574
tourism = aquarium
51
480
2495
5011
5685
6785
7754
8555
8592
10164
10599
12266
12449
12569
13712
14132
14327
15774
15824
17585
19333
20346
20802
22267
23323
25037
25252
28632
28808
29336
29626
30649
32595
33160
33890
34140
36612
37441
38682
39267
41322
41537
41778
41941
44237
47325
50868
51149
52231
52391
52630
53006
tourism = zoo
50
342
3633
5034
5568
6494
7961
10363
10590
10625
12577
12991
14018
15606
15837
16409
26979
29114
31616
33774
33915
34628
35021
35678
37017
37262
37926
38050
38272
38571
38738
39185
41348
44401
44841
45658
46029
46361
46479
46766
47678
47782
47967
49073
49401
49884
51240
51627
51696
52449
52529
