12
tourism=information
21
941
3543
7458
14458
14894
17825
22701
26321
28737
29823
34701
35251
35598
38923
44208
46836
47360
51107
51247
52045
52891
tourism=hotel
28
410
4522
5965
9729
14452
15454
17658
18243
21085
21124
21741
21924
23434
28095
29146
34767
37701
38379
39265
39581
43107
43887
44870
47573
50713
51756
51863
53094
tourism=attraction
25
835
1623
3534
5951
14936
15523
16181
21743
22317
25780
28662
29923
31232
31931
32636
32890
33536
33707
35733
39329
39486
43944
44700
46247
52181
tourism=viewpoint
26
1069
3031
7514
9914
11181
11733
13128
13778
15373
17987
21271
25831
26728
35640
36350
37781
39533
42280
42602
42705
43066
44744
45603
52346
52403
53305
tourism=guest_house
23
202
2207
2465
7263
8709
12549
13322
14545
14566
16103
17438
18914
21311
22559
22921
25569
25859
26954
28762
39124
40109
43725
45006
tourism=picnic_site
32
183
1795
2496
4297
5393
13519
16242
18078
19459
20329
20523
22149
22168
22649
23901
25296
27251
30048
30686
32726
37173
38534
39889
39932
40635
45513
46899
48227
49227
49268
49740
52263
tourism=artwork
18
700
9275
10599
11276
15362
16856
17727
20168
21110
24570
26157
32405
35651
37132
39594
49399
49611
49873
tourism=camp_site
28
1361
3230
4635
4882
10942
11853
12053
12569
13543
13636
14417
16412
18046
19036
20071
21756
22808
23703
26850
28106
35453
38863
40758
42455
43982
47164
47945
49666
tourism=museum
27
1790
2204
2790
4811
11682
12866
15482
16853
21159
21938
24167
26768
27032
29536
30968
36037
36793
36887
38278
39836
43556
43633
43840
45353
48183
50140
51156
tourism=theme_park
18
1042
5675
7591
7754
14522
23092
25497
29246
29304
29387
29944
40756
45191
46067
47341
48257
49920
50814
tourism=aquarium
19
8011
10934
11364
11414
13646
17211
17953
18567
26084
27702
27754
33613
38624
47978
48208
48809
50901
53386
53387
tourism=zoo
22
1825
4410
5822
8836
16568
19189
19983
25009
25152
25675
29043
29240
30729
33769
35450
35644
36447
41458
41913
47393
50326
50893
