12
tourism=information
7
202
302
1264
1896
7373
8775
9161
tourism=hotel
13
1451
2636
2991
5137
5510
6310
6349
6757
6939
7640
7738
9094
9218
tourism=attraction
5
372
2169
5045
6253
9975
tourism=viewpoint
9
312
1104
2183
4705
6720
7618
8312
9346
10054
tourism=guest_house
9
536
3937
4233
4241
5994
6346
9136
9761
10278
tourism=picnic_site
7
1821
5655
5675
8066
9334
9962
10296
tourism=artwork
12
111
2825
3367
3929
5878
7890
8008
8055
9660
9807
10230
10305
tourism=camp_site
7
1261
1630
2891
3940
4412
6471
9948
tourism=museum
13
790
1170
4508
5062
5808
6535
6598
7259
7315
7500
7873
8304
10340
tourism=theme_park
6
679
1680
1820
4586
7175
8051
tourism=aquarium
13
1189
1765
3127
3731
4304
4565
4915
6199
6308
6919
7385
7415
7992
tourism=zoo
13
1
231
924
1065
3394
3478
3852
4817
5411
5991
6134
6853
8148
