12
tourism=information
8
651
1917
2699
3233
3371
3477
5278
7888
tourism=hotel
10
377
906
1258
1627
3817
7102
7303
7391
7575
7840
tourism=attraction
6
4102
5162
5659
7427
8516
9002
tourism=viewpoint
7
2388
2411
3022
3080
3211
4619
6265
tourism=guest_house
13
33
556
1087
1297
2192
2342
2606
3513
4939
5335
6951
7107
7947
tourism=picnic_site
5
317
3413
6366
7374
8031
tourism=artwork
4
2712
4440
9031
9036
tourism=camp_site
4
2187
3323
8141
9341
tourism=museum
4
1709
5765
7306
7415
tourism=theme_park
8
1452
1782
3084
3633
5949
6097
6882
6914
tourism=aquarium
3
888
3808
10224
tourism=zoo
6
1120
2940
3748
4286
8018
8636
